   0
  31
  32
  48
 103
 104
 133
 204
 238
 271
 292
 329
 350
 420
 443
 490
 503
 543
 544
 546
 558
 647
 714
 750
 754
 761
 766
 869
 912
 920
 947
 986
 988
 989
 990
 992
 1002
 1005
 1006
 1007
 1011
 1013
 1017
 1021
 1022
 1030
 1036
 1037
 1042
 1048
 1049
 1055
 1060
 1068
 1081
 1094
 1097
 1161
 1168
 1178
 1309
 1338
 1345
 1394
 1420
 1469
 1614
 1621
 1649
 1652
 1680
 1941
 1971
 2011
 2069
 2173
 2194
 2217
 2245
 2299
 2344
 2373
 2379
 2386
 2432
 2485
 2487
 2524
 2550
 2560
 2635
 2666
 2717
 2953
 2962
 2977
 3046
 3198
 3237
