Resolution: 1.71, Number of user clusters: 18, Number of item clusters: 18, Modularity float: Aggregation: 1  Clusters: 93  Increase: 0.32540708780288696
Aggregation: 2  Clusters: 19  Increase: 0.005923007149249315
Aggregation: 3  Clusters: 18  Increase: 0.0004440017801243812
